Magma V2.27-7     Mon Mar 11 2024 17:01:34 on ramsey   [Seed = 3040843130]

+-------------------------------------------------------------------+
|       This copy of Magma has been made available through a        |
|                   generous initiative of the                      |
|                                                                   |
|                         Simons Foundation                         |
|                                                                   |
| covering U.S. Colleges, Universities, Nonprofit Research entities,|
|               and their students, faculty, and staff              |
+-------------------------------------------------------------------+

Type ? for help.  Type <Ctrl>-D to quit.

Loading file "/homes/ek693/Main/FindingFamilies/LMFDBGroups-unimportant/newgenu\
s1trial.m"
Loading "/homes/ek693/Main/FindingFamilies/MainCode/main.m"
Loading "../OpenImage/main/FindOpenImage.m"
Loading "../OpenImage/precomputation/ComputeFrobData.m"
Loading "../OpenImage/main/GL2GroupTheory.m"
Loading "../OpenImage/main/ModularCurves.m"
Loading "../OpenImage/data-files/cyclic_invariant_polynomials.m"
Loading "../OpenImage/SZ-data/RationalFunctions.m"
Loading "../OpenImage/SZ-data/GL2Invariants.m"
Loading "../FamilyData/familycreatecodewithanarrayfosubgroup.m"
Loading "../TwistingCode/H90.m"
Loading "../FamilyFinder/aggclosurecreator.m"
Loading "../TwistingCode/GroupToCocycle.m"
Loading "../TwistingCode/TwistingCode.m"
Loading "/homes/ek693/Main/FindingFamilies/LMFDBGroups-unimportant/newgenus1.m"
1
5423
39.270
2
5423
26.760
3
5423
11.900
4
5423
15.710
5
5423
89.500
6
5423
9.930
7
5417
34.800
8
5417
50.470
9
5417
22.990
10
5417
70.520
11
5417
76.630
12
5417
14.640
13
2471
18.150
14
2471
11.490
15
2471
9.210
16
2471
9.390
17
2471
9.650
18
2471
9.640
19
2471
9.590
20
2471
10.700
21
2471
9.790
22
2471
9.040
23
2471
13.410
24
2471
9.680
25
2471
10.080
26
2471
12.000
27
2471
9.760
28
2471
10.030
29
1090
14.690
30
1090
7.460
31
1090
7.640
32
1090
7.640
33
1090
18.430
34
1090
16.630
35
1090
9.070
36
1090
8.050
37
5609
11.170
38
5609
11.700
39
5609
10.280
40
5609
10.130
41
5571
9.520
42
5571
9.450
43
5593
8.470
44
5593
9.420
45
3550
8.050
46
1262
7.410
47
5593
8.560
48
5593
11.630
49
2831
15.460
50
2831
15.000
51
2831
17.120
52
2831
14.180
53
2831
16.810
54
2831
15.070
55
2831
15.550
56
2831
13.850
57
2831
14.920
58
2831
16.110
59
2831
14.640
60
2831
15.960
61
2831
15.800
62
2831
18.310
63
2831
15.890
64
2831
14.150
65
1262
7.390
66
8155
17.330
67
8155
15.160
68
8155
17.050
69
8155
15.010
70
8163
15.600
71
8163
15.270
72
8163
18.220
73
8163
14.630
74
8159
15.970
75
8159
15.500
76
8159
25.540
77
8159
16.340
78
8167
17.860
79
8167
18.900
80
8167
16.740
81
8167
34.300
82
2831
16.200
83
2831
14.620
84
2831
14.950
85
2831
14.230
86
2831
13.380
87
2831
14.860
88
2831
12.350
89
2831
16.640
90
2831
14.110
91
2831
16.950
92
2831
16.020
93
2831
15.770
94
2831
14.130
95
2831
16.150
96
2831
14.570
97
2831
14.380
98
1277
12.070
99
1277
18.290
100
1090
8.880
101
1090
8.270
102
1090
7.590
103
1090
7.130
104
2471
11.850
105
2471
9.120
106
2471
9.740
107
2471
9.500
108
2471
9.440
109
2471
9.320
110
2471
9.320
111
2471
10.780
112
3403
6.730
113
5559
8.770
114
5559
9.550
115
2505
14.620
116
2505
14.680
117
972
14.570
118
972
13.040
119
964
13.320
120
953
13.880
121
953
12.850
122
943
12.730
123
972
12.370
124
972
13.640
125
964
12.670
126
953
13.450
127
953
13.100
128
943
11.340
129
5522
16.070
130
5522
14.030
131
5518
16.150
132
5522
13.970
133
5522
14.830
134
5518
12.230
135
5514
17.220
136
5514
15.570
137
5514
13.530
138
5514
15.610
139
2493
11.600
140
2497
18.110
141
2497
14.660
142
2501
14.930
143
2505
14.480
144
2505
13.270
145
2493
12.750
146
2497
14.560
147
2497
17.570
148
2501
12.570
149
5510
17.780
150
5510
12.580
151
1055
9.980
152
1055
12.270
153
1055
8.590
154
1055
9.180
155
1091
11.920
156
1091
7.820
157
1110
8.580
158
1110
9.760
159
1055
12.010
160
1055
10.410
161
1055
23.840
162
1055
10.060
163
2480
11.400
164
2480
12.900
165
1055
9.430
166
1055
11.640
167
1055
8.790
168
1055
11.750
169
1055
11.410
170
1055
8.320
171
1055
8.480
172
1055
10.020
173
3322
9.060
174
3322
9.620
175
2834
18.420
176
2834
18.230
177
2834
19.530
178
2834
17.420
179
1146
10.650
180
1146
8.380
181
1161
8.030
182
1161
8.230
183
1055
9.380
184
1055
9.340
185
1055
8.480
186
1055
15.480
187
1055
9.140
188
1055
8.650
189
1055
9.770
190
1055
10.290
191
3312
8.510
192
3312
9.370
193
937
11.960
194
937
10.660
195
924
10.590
196
924
12.320
197
924
9.760
198
924
11.270
199
924
11.510
200
924
11.030
201
924
10.740
202
924
12.670
203
924
12.040
204
924
11.520
205
924
10.400
206
924
10.450
207
924
10.500
208
924
13.910
209
924
11.580
210
924
11.260
211
84
10.350
212
84
9.760
213
84
10.820
214
84
10.340
215
84
9.140
216
84
11.030
217
84
10.580
218
84
9.130
219
5478
15.710
220
5478
13.580
221
5478
14.340
222
5478
16.010
223
5472
11.710
224
5472
15.880
225
5466
11.640
226
5466
12.720
227
3262
13.020
228
98
45.980
229
5466
14.960
230
5466
12.890
231
98
14.370
232
1066
17.940
233
1066
10.440
234
84
9.660
235
84
11.250
236
84
10.190
237
84
9.790
238
924
10.980
239
924
12.000
240
924
11.480
241
924
10.440
242
924
13.550
243
924
10.610
244
924
10.530
245
924
11.970
246
3281
14.870
247
5458
14.170
248
5458
13.310
249
933
18.780
250
933
16.310
251
1060
14.060
252
1060
12.530
253
54
13.040
254
54
16.250
255
54
459.480
256
54
14.090
257
87
14.500
258
87
9.930
259
75
11.790
260
75
18.270
261
54
12.790
262
54
13.880
263
54
42.310
264
54
818.800
265
928
17.410
266
928
15.610
267
54
13.460
268
54
12.200
269
54
16.380
270
54
13.820
271
54
13.640
272
54
11.740
273
54
14.520
274
54
13.270
275
3152
23.590
276
3152
14.830
277
1025
16.320
278
1025
12.360
279
1023
12.430
280
1023
19.720
281
54
33.010
282
54
11.830
283
54
22.420
284
54
12.920
285
54
36.370
286
54
12.840
287
54
11.870
288
54
16.960
289
3150
12.700
290
3150
19.340
291
57
16.730
292
57
49.500
293
3667
14.450
294
1303
375.470
295
1303
15.740
296
1297
25.880
297
1297
21.830
298
4064
11.550
299
4064
21.550
300
4064
43.120
301
4064
14.370
302
685
49.950
303
685
65.370
304
685
54.800
305
685
37.560
306
5235
14.110
307
5235
10.380
308
4064
22.440
309
4064
12.880
310
4064
25.460
311
4064
100.330
312
685
56.080
313
685
27.130
314
685
13.700
315
685
44.090
316
5209
9.280
317
5209
42.130
318
5197
38.370
319
5197
16.310
320
686
8.480
321
686
106.500
322
686
38.020
323
686
16.560
324
4397
9.540
325
4397
48.140
326
4386
20.560
327
5235
34.170
328
5235
25.380
329
4064
16.340
330
4064
37.360
331
4064
41.710
332
4064
63.440
333
685
16.960
334
685
16.740
335
685
25.360
336
685
54.320
337
5209
10.450
338
5209
17.510
339
5197
13.790
340
5197
48.190
341
4064
33.620
342
4064
10.150
343
2278
9.160
344
2278
7.600
345
2278
8.160
346
2278
10.970
347
2278
27.710
348
2278
20.390
349
2278
33.180
350
2278
12.590
351
4188
23.260
352
4188
11.850
353
4153
11.270
354
4153
27.260
355
4375
35.650
356
1567
7.440
357
1567
8.510
358
1567
20.280
359
1567
14.490
360
4935
177.820
361
4949
15.290
362
4949
17.780
363
4701
13.970
364
1778
21.570
365
1778
17.710
366
1778
31.020
367
1778
7.960
368
1778
20.250
369
1778
9.120
370
1778
19.610
371
1778
42.110
372
1778
46.370
373
1778
36.370
374
1778
27.340
375
1778
9.540
376
1778
13.600
377
1778
20.980
378
1778
29.100
379
1778
52.580
380
4064
14.110
381
4064
113.360
382
1736
24.990
383
1736
8.060
384
1736
20.030
385
1736
12.290
386
1736
9.970
387
1736
15.230
388
1736
8.120
389
1736
33.000
390
1736
21.220
391
1736
13.000
392
1736
58.150
393
1736
72.320
394
1736
51.400
395
1736
13.860
396
1736
20.470
397
1736
26.570
398
5225
43.610
399
5225
9.740
400
5225
40.810
401
5225
23.370
402
835
9.100
403
835
91.730
404
4004
9.650
405
4004
25.280
406
835
15.380
407
835
12.500
408
4004
13.910
409
4004
7.950
410
835
171.370
411
835
15.080
412
4004
11.400
413
4004
9.390
414
835
108.610
415
835
9.860
416
4004
10.490
417
4004
40.510
418
835
8.770
419
835
67.600
420
4004
9.370
421
4004
8.830
422
835
11.350
423
835
16.030
424
4004
14.360
425
4004
22.810
426
835
50.900
427
835
27.270
428
4004
60.180
429
4004
71.410
430
835
32.150
431
835
8.360
432
4004
15.380
433
4004
8.480
434
685
11.080
435
685
40.110
436
685
54.470
437
685
22.220
438
726
96.000
439
4009
17.580
440
4010
74.200
441
4010
145.620
442
4009
8.160
443
846
59.970
444
4013
14.840
445
726
70.640
446
4069
37.260
447
4069
237.780
448
4077
16.760
449
4074
26.870
450
4074
29.050
451
4077
26.040
452
693
37.750
453
692
33.900
454
693
73.700
455
692
170.020
456
4069
482.760
457
4069
328.140
458
3978
24.930
459
2299
9.220
460
2299
9.470
461
2152
45.180
462
2152
15.740
463
2296
11.570
464
2149
134.740
465
3978
148.780
466
2267
17.870
467
2246
13.820
468
2296
10.360
469
2149
16.400
470
2267
10.330
471
2246
105.270
472
2261
10.950
473
2163
16.270
474
2308
15.390
475
2213
21.910
476
2261
15.720
477
2163
14.780
478
2308
9.170
479
2213
12.870
480
2296
21.440
481
2149
355.860
482
2267
295.090
483
2246
12.530
484
2296
12.770
485
2149
569.140
486
2267
10.610
487
2246
16.400
488
2261
110.970
489
2163
14.440
490
2308
15.070
491
2213
15.360
492
3997
19.100
493
2261
42.810
494
2163
15.340
495
2308
10.460
496
2213
10.230
497
1342
38.930
498
1342
41.240
499
1342
50.830
500
1342
12.640
501
1342
15.400
502
1342
11.490
503
1342
160.200
504
1342
16.810
505
1342
18.670
506
1342
54.000
507
1342
14.400
508
1342
34.530
509
1342
198.020
510
1342
13.520
511
1342
30.570
512
1342
16.140
513
2134
10.450
514
2223
12.430
515
2291
15.710
516
2158
14.670
517
2134
26.390
518
2223
11.490
519
2291
20.310
520
2158
14.240
521
2281
365.650
522
2208
10.230
523
2139
110.700
524
2253
10.780
525
2281
13.310
526
2208
45.410
527
3997
12.320
528
2139
63.610
529
2253
16.820
530
2134
15.260
531
2223
16.070
532
2291
17.600
533
2158
76.780
534
2134
58.990
535
2223
15.000
536
2291
352.850
537
2158
13.260
538
2281
200.840
539
2208
24.670
540
2139
53.930
541
2253
17.070
542
2281
21.150
543
2208
11.980
544
2139
13.350
545
2253
12.170
546
4321
110.420
547
4317
13.660
548
4189
31.300
549
4278
14.000
550
4321
19.530
551
4317
15.110
552
4189
10.020
553
4278
11.410
554
3978
79.880
555
4214
11.510
556
4222
138.090
557
4193
44.060
558
4184
114.330
559
4214
39.420
560
4222
114.420
561
4193
21.080
562
4184
39.630
563
4321
15.390
564
4317
11.640
565
4189
9.170
566
4278
12.670
567
4321
266.670
568
4317
13.390
569
4189
11.720
570
4278
30.670
571
4214
25.550
572
4222
16.280
573
4193
23.180
574
4184
16.020
575
4214
18.100
576
4222
31.760
577
4193
21.250
578
4184
16.510
579
3710
21.400
580
3710
11.190
581
3710
19.470
582
3710
98.970
583
3978
21.500
584
4131
176.490
585
4154
18.210
586
4305
144.470
587
4309
24.610
588
4131
46.530
589
4154
13.120
590
4305
16.700
591
4309
57.550
592
4137
14.330
593
4160
11.200
594
4299
10.990
595
4313
14.340
596
4137
9.710
597
4160
11.900
598
4299
12.170
599
